%US Seg Data File
%Files:	07.31.39 hrs __[0001076].jpg	07.32.31 hrs __[0001077].jpg	07.32.35 hrs __[0001078].jpg	07.32.39 hrs __[0001079].jpg	07.32.43 hrs __[0001080].jpg	07.32.48 hrs __[0001081].jpg	07.32.51 hrs __[0001082].jpg	07.32.55 hrs __[0001083].jpg	07.32.59 hrs __[0001084].jpg	07.33.04 hrs __[0001085].jpg	07.33.13 hrs __[0001086].jpg	07.33.18 hrs __[0001087].jpg
%Slice(#)	x-pos(pix)	y-pos(pix)
1.00	NaN	NaN
2.01	196.9	81.5
2.02	203.2	93.2
2.03	213.2	101.4
2.04	223.1	105.9
2.05	237.6	106.8
2.06	246.7	105.0
2.07	267.5	115.9
2.08	280.2	122.2
2.09	292.9	129.5
2.10	302.8	135.8
2.11	321.9	144.0
2.12	337.3	151.2
2.13	346.3	156.6
2.14	361.7	161.2
2.15	373.5	165.7
2.16	382.5	167.5
2.17	391.6	167.5
2.18	406.1	167.5
2.19	419.7	162.1
2.20	431.4	162.1
2.21	449.6	154.8
2.22	462.2	143.0
2.23	474.0	134.9
2.24	484.0	124.0
2.25	498.5	110.4
2.26	507.5	100.5
3.01	174.2	81.5
3.02	183.3	90.5
3.03	187.8	94.1
3.04	198.7	100.5
3.05	209.6	103.2
3.06	224.0	106.8
3.07	235.8	107.7
3.08	248.5	111.3
3.09	258.5	117.7
3.10	270.2	122.2
3.11	281.1	124.9
3.12	291.1	128.6
3.13	298.3	133.1
3.14	309.2	139.4
3.15	319.1	144.0
3.16	329.1	147.6
3.17	339.1	149.4
3.18	350.8	152.1
3.19	359.0	160.3
3.20	372.6	162.1
3.21	387.1	163.0
3.22	401.6	163.0
3.23	420.6	164.8
3.24	433.3	159.3
3.25	445.9	156.6
3.26	460.4	149.4
3.27	474.9	143.0
3.28	485.8	136.7
3.29	495.7	129.5
3.30	507.5	115.0
4.01	193.3	76.0
4.02	204.1	84.2
4.03	213.2	90.5
4.04	225.0	96.9
4.05	235.8	105.9
4.06	244.9	113.2
4.07	254.8	120.4
4.08	263.9	122.2
4.09	272.0	125.8
4.10	280.2	132.2
4.11	293.8	134.0
4.12	307.4	141.2
4.13	322.8	145.8
4.14	335.4	150.3
4.15	342.7	154.8
4.16	350.8	157.5
4.17	359.9	160.3
4.18	371.7	164.8
4.19	386.2	168.4
4.20	395.2	168.4
4.21	404.3	169.3
4.22	417.9	169.3
4.23	430.5	169.3
4.24	442.3	168.4
4.25	455.9	163.9
4.26	466.8	158.4
4.27	479.4	150.3
4.28	492.1	139.4
4.29	503.9	130.4
4.30	513.0	121.3
4.31	523.8	109.5
4.32	530.2	102.3
5.01	179.7	93.2
5.02	195.1	105.9
5.03	207.7	113.2
5.04	219.5	124.0
5.05	232.2	132.2
5.06	248.5	135.8
5.07	263.9	136.7
5.08	274.8	136.7
5.09	291.1	143.0
5.10	303.7	150.3
5.11	317.3	151.2
5.12	329.1	152.1
5.13	346.3	157.5
5.14	359.9	160.3
5.15	372.6	164.8
5.16	384.3	170.2
5.17	396.1	173.8
5.18	408.8	174.7
5.19	421.5	175.7
5.20	434.2	176.6
5.21	453.2	177.5
5.22	468.6	170.2
5.23	486.7	163.9
5.24	490.3	156.6
5.25	501.2	149.4
5.26	509.3	144.9
5.27	520.2	134.9
5.28	532.0	126.7
5.29	541.9	115.0
6.01	164.3	107.7
6.02	173.3	110.4
6.03	186.0	122.2
6.04	195.1	128.6
6.05	207.7	137.6
6.06	219.5	144.9
6.07	229.5	150.3
6.08	239.4	153.0
6.09	255.7	153.0
6.10	265.7	153.0
6.11	278.4	152.1
6.12	288.3	148.5
6.13	298.3	148.5
6.14	311.0	151.2
6.15	323.7	158.4
6.16	338.2	164.8
6.17	351.7	166.6
6.18	360.8	166.6
6.19	371.7	168.4
6.20	380.7	173.8
6.21	393.4	179.3
6.22	403.4	181.1
6.23	412.4	181.1
6.24	419.7	181.1
6.25	430.5	185.6
6.26	443.2	185.6
6.27	455.0	184.7
6.28	463.1	178.4
6.29	474.9	175.7
6.30	482.2	171.1
6.31	490.3	163.9
6.32	501.2	157.5
7.01	144.3	115.9
7.02	151.6	124.9
7.03	158.8	130.4
7.04	170.6	143.0
7.05	180.6	147.6
7.06	191.4	153.0
7.07	201.4	157.5
7.08	215.9	163.9
7.09	225.0	170.2
7.10	234.0	172.0
7.11	245.8	172.9
7.12	256.7	172.9
7.13	266.6	166.6
7.14	277.5	161.2
7.15	286.5	153.9
7.16	292.0	151.2
7.17	300.1	151.2
7.18	311.9	151.2
7.19	320.0	157.5
7.20	327.3	164.8
7.21	336.3	170.2
7.22	344.5	172.0
7.23	355.4	173.8
7.24	364.4	173.8
7.25	376.2	174.7
7.26	385.3	176.6
7.27	395.2	179.3
7.28	403.4	185.6
7.29	411.5	189.2
7.30	423.3	189.2
7.31	433.3	188.3
7.32	443.2	186.5
7.33	451.4	185.6
7.34	461.3	183.8
7.35	472.2	177.5
7.36	482.2	173.8
7.37	492.1	170.2
7.38	499.4	164.8
7.39	509.3	159.3
7.40	520.2	153.9
7.41	530.2	147.6
7.42	537.4	142.1
7.43	545.6	134.9
8.01	186.0	149.4
8.02	190.5	153.0
8.03	200.5	158.4
8.04	207.7	165.7
8.05	216.8	172.0
8.06	222.2	177.5
8.07	227.7	181.1
8.08	241.3	185.6
8.09	253.0	187.4
8.10	261.2	188.3
8.11	270.2	186.5
8.12	275.7	178.4
8.13	282.0	172.0
8.14	285.6	166.6
8.15	291.1	161.2
8.16	293.8	157.5
8.17	297.4	153.0
8.18	301.9	153.0
8.19	306.5	157.5
8.20	310.1	162.1
8.21	315.5	163.9
8.22	320.0	167.5
8.23	321.9	170.2
8.24	328.2	172.0
8.25	333.6	172.0
8.26	340.9	172.0
8.27	349.9	173.8
8.28	357.2	179.3
8.29	363.5	182.9
8.30	369.9	188.3
8.31	378.9	190.1
8.32	386.2	191.0
8.33	392.5	190.1
8.34	403.4	193.8
8.35	411.5	193.8
8.36	423.3	192.9
8.37	434.2	192.0
8.38	443.2	191.0
8.39	455.0	188.3
8.40	461.3	187.4
8.41	467.7	184.7
8.42	476.7	180.2
8.43	483.1	176.6
8.44	490.3	179.3
8.45	498.5	174.7
8.46	503.0	173.8
8.47	511.1	169.3
8.48	516.6	165.7
8.49	522.9	163.0
8.50	529.3	160.3
8.51	535.6	154.8
8.52	540.1	150.3
8.53	546.5	147.6
8.54	552.8	140.3
8.55	561.0	134.0
8.56	568.2	127.7
8.57	573.6	120.4
9.01	201.4	148.5
9.02	208.7	162.1
9.03	215.0	168.4
9.04	225.9	174.7
9.05	235.8	179.3
9.06	245.8	180.2
9.07	254.8	183.8
9.08	264.8	182.9
9.09	273.0	179.3
9.10	281.1	177.5
9.11	287.4	172.9
9.12	293.8	167.5
9.13	299.2	165.7
9.14	309.2	162.1
9.15	316.4	162.1
9.16	323.7	163.9
9.17	335.4	171.1
9.18	340.0	178.4
9.19	343.6	184.7
9.20	350.8	192.9
9.21	361.7	199.2
9.22	369.0	199.2
9.23	378.0	199.2
9.24	383.4	199.2
9.25	391.6	199.2
9.26	397.0	199.2
9.27	406.1	199.2
9.28	416.0	201.0
9.29	429.6	198.3
9.30	438.7	197.4
9.31	445.0	194.7
9.32	453.2	194.7
9.33	463.1	192.9
9.34	474.9	190.1
9.35	480.3	187.4
9.36	487.6	186.5
9.37	501.2	181.1
9.38	509.3	179.3
9.39	513.9	176.6
9.40	522.0	164.8
9.41	531.1	158.4
9.42	541.9	151.2
9.43	553.7	141.2
9.44	558.2	137.6
10.01	228.6	93.2
10.02	235.8	105.9
10.03	244.9	113.2
10.04	253.9	124.0
10.05	263.0	131.3
10.06	270.2	137.6
10.07	280.2	147.6
10.08	291.1	150.3
10.09	303.7	152.1
10.10	314.6	155.7
10.11	322.8	160.3
10.12	328.2	164.8
10.13	338.2	171.1
10.14	351.7	180.2
10.15	359.9	185.6
10.16	369.9	192.0
10.17	384.3	194.7
10.18	395.2	194.7
10.19	408.8	193.8
10.20	418.8	191.0
10.21	423.3	189.2
10.22	427.8	189.2
10.23	438.7	191.0
10.24	449.6	192.0
10.25	460.4	192.0
10.26	468.6	190.1
10.27	476.7	190.1
10.28	488.5	187.4
10.29	498.5	184.7
10.30	507.5	181.1
10.31	515.7	175.7
10.32	522.0	174.7
11.01	195.1	85.1
11.02	202.3	94.1
11.03	210.5	100.5
11.04	217.7	105.9
11.05	228.6	110.4
11.06	235.8	115.0
11.07	243.1	121.3
11.08	254.8	124.0
11.09	263.0	134.9
11.10	267.5	145.8
11.11	273.0	153.9
11.12	280.2	160.3
11.13	290.2	156.6
11.14	301.0	152.1
11.15	313.7	151.2
11.16	321.0	163.9
11.17	330.9	172.9
11.18	343.6	181.1
11.19	358.1	190.1
11.20	372.6	192.9
11.21	384.3	194.7
11.22	398.8	194.7
11.23	411.5	194.7
11.24	422.4	193.8
11.25	434.2	192.9
11.26	447.7	191.0
11.27	461.3	190.1
11.28	475.8	190.1
11.29	485.8	190.1
11.30	495.7	186.5
11.31	501.2	180.2
12.01	189.6	87.8
12.02	205.9	86.9
12.03	224.0	86.9
12.04	241.3	95.0
12.05	249.4	104.1
12.06	261.2	115.9
12.07	279.3	135.8
12.08	287.4	140.3
12.09	300.1	143.0
12.10	311.0	143.0
12.11	317.3	140.3
12.12	327.3	142.1
12.13	341.8	142.1
12.14	349.0	142.1
12.15	357.2	140.3
12.16	362.6	135.8
12.17	373.5	134.0
12.18	380.7	133.1
12.19	385.3	125.8
12.20	386.2	120.4
12.21	397.0	112.3
12.22	403.4	105.9
12.23	417.0	100.5
12.24	426.9	100.5
12.25	435.1	96.9
12.26	444.1	93.2
12.27	456.8	86.0

